vesselCount = 0
UT = 454.71999999987639
gameMode = CAREER
gameNull = False
kspVersion = 1.12.5
funds = 119943.24826431274
science = 27
reputationPercent = 2
ongoingContracts = 0
missionCurrentScore = 0
missionIsStarted = False
missionIsEnded = False
missionHistoryId = 00000000-0000-0000-0000-000000000000
missionExpansionVersion = 
saveMD5 = 
lastWriteTime = 639054176442838243
