vesselCount = 0
UT = 16262.845166077288
gameMode = CAREER
gameNull = False
kspVersion = 1.12.5
funds = 466814.09177080262
science = 44
reputationPercent = 19
ongoingContracts = 0
missionCurrentScore = 0
missionIsStarted = False
missionIsEnded = False
missionHistoryId = 00000000-0000-0000-0000-000000000000
missionExpansionVersion = 
saveMD5 = 
lastWriteTime = 639054331719426699
