vesselCount = 0
UT = 1209.0799999993144
gameMode = CAREER
gameNull = False
kspVersion = 1.12.5
funds = 239633.17186797131
science = 63
reputationPercent = 5
ongoingContracts = 0
missionCurrentScore = 0
missionIsStarted = False
missionIsEnded = False
missionHistoryId = 00000000-0000-0000-0000-000000000000
missionExpansionVersion = 
saveMD5 = 
lastWriteTime = 639054215868258597
