vesselCount = 0
UT = 11680.284853559342
gameMode = CAREER
gameNull = False
kspVersion = 1.12.5
funds = 408561.15359989268
science = 15
reputationPercent = 16
ongoingContracts = 2
missionCurrentScore = 0
missionIsStarted = False
missionIsEnded = False
missionHistoryId = 00000000-0000-0000-0000-000000000000
missionExpansionVersion = 
saveMD5 = 
lastWriteTime = 639054303297662798
